Damion
1 
20 
20 
10 
2 
10 
11 
4 
0 
429 
0 
16 
206 
19 
210 
0 
220 
0 
221 
0 
0 
0 
0 
0 
0 
0 
0 
45 
46 
0 
0 
0 
0 
0 
79 
0 
0 
0 
0 
0 
0 
0 
0 
2 
0 
1 
0 
0 
0 
5 
0 
0 
52 
5 
2253 
0 
1 
0 
0 
1 
1 
1 
1 
1 
1 
1 
0 
0 
0 
0 
0 
0 
3 
0 
5 
0 
-1 
0 
0 
0 
0 
0 
0 
0 
2 
1 
1 
0 
12 
26 
0 
1 
1 
1 
0 
1 
0 
1 
0 
4 
0 
1 
0 
0 
4 
0 
4 
0 
8 
1 
0 
0 
0 
0 
0 
1 
0 
4 
2 
2 
1 
0 
3 
0 
1 
0 
0 
1 
4 
0 
0 
1 
2 
0 
0 
0 
1 
0 
0 
0 
1 
1 
1 
0 
0 
0 
0 
0 
0 
0 
0 
0 
0 
0 
0 
0 
0 
0 
0 
1 
1 
1 
1 
1 
1 
1 
0 
0 
1 
1 
1 
1 
1 
1 
1 
0 
0 
1 
1 
1 
1 
1 
1 
1 
1 
0 
0 
0 
0 
0 
0 
0 
0 
0 
0 
0 
0 
0 
0 
0 
0 
0 
0 
0 
0 
0 
0 
0 
0 
0 
0 
0 
0 
0 
0 
0 
0 
0 
0 
0 
0 
0 
0 
0 
0 
0 
0 
0 
0 
205 
0 
0 
0 
0 
0 
0 
0 
0 
0 
0 
0 
0 
0 
0 
0 
0 
0 
0 
0 
0 
0 
0 
0 
0 
0 
0 
0 
0 
0 
0 
0 
0 
0 
0 
0 
0 
0 
0 
0 
0 
0 
0 
0 
0 
0 
0 
0 
0 
0 
1 
0 
0 
0 
1 
0 
0 
0 
0 
0 
1 
0 
1 
0 
0 
7 
0 
0 
0 
0 
1 
0 
0 
0 
0 
2 
0 
0 
0 
0 
2 
0 
0 
1 
0 
0 
0 
0 
0 
1 
0 
0 
0 
0 
0 
0 
0 
0 
0 
0 
0 
0 
0 
0 
0 
0 
0 
0 
0 
0 
0 
0 
0 
0 
0 
0 
0 
0 
0 
0 
0 
0 
0 
0 
0 
0 
0 
0 
0 
0 
0 
0 
0 
0 
0 
0 
0 
0 
0 
0 
0 
0 
0 
0 
0 
0 
0 
0 
0 
0 
0 
1500 
1 
0 
2 
2 
1 
3 
3 
0 
0 
0 
0 
0 
0 
0 
0 
0 
0 
26 
2 
1 
0 
1 
1 
1 
0 
0 
30 
1 
0 
0 
10 
0 
0 
2 
1 
0 
0 
5 
0 
1 
0 
0 
0 
6 
6 
0 
5 
1 
1 
0 
0 
0 
0 
0 
0 
0 
5 
1 
0 
0 
0 
2 
1 
1 
1 
0 
1 
1 
0 
3 
0 
0 
2 
0 
1 
0 
0 
0 
0 
1 
1 
1 
1 
0 
0 
0 
0 
0 
2 
0 
0 
0 
1 
0 
0 
0 
0 
0 
17 
0 
1 
1 
1 
2 
1 
0 
1 
3 
8 
1 
0 
0 
0 
1 
0 
0 
0 
0 
0 
0 
0 
0 
0 
0 
0 
0 
0 
0 
0 
0 
0 
0 
0 
0 
0 
0 
0 
0 
0 
0 
1 
0 
0 
0 
5 
0 
0 
0 
0 
0 
0 
0 
0 
0 
0 
0 
0 
0 
0 
0 
208 
1 
1 
1 
332 
319 
410398 